{
  "metadata": {
    "timestamp": "2025-09-21T21:54:40.241793",
    "version": "comprehensive_empirical_v1.0",
    "total_empirical_records": 106,
    "datasets_integrated": {
      "innovations": 30,
      "crisis_patterns": 24,
      "evolution_cases": 22,
      "transplants": 30,
      "citations": 2069
    }
  },
  "empirical_validations": {
    "individual_validations": {
      "power_law_validation": {
        "gamma_empirical": 2.3,
        "gamma_theoretical": 2.3,
        "gamma_difference": 0.0,
        "r_squared": NaN,
        "ks_statistic": 0.0,
        "ks_p_value": 1.0,
        "C_parameter": 2069.0,
        "degrees_analyzed": 1,
        "max_degree": "1",
        "validation_score": 0.6000000000000001
      },
      "bimodal_crisis_validation": {
        "empirical_distribution": {
          "low_acceleration": 0.4166666666666667,
          "medium_acceleration": 0.4166666666666667,
          "high_acceleration": 0.16666666666666666
        },
        "theoretical_distribution": {
          "low_acceleration": 0.35,
          "medium_acceleration": 0.45,
          "high_acceleration": 0.2
        },
        "category_deviations": {
          "low_acceleration": 0.06666666666666671,
          "medium_acceleration": 0.033333333333333326,
          "high_acceleration": 0.033333333333333354
        },
        "mean_deviation": 0.04444444444444446,
        "chi2_statistic": 0.4973544973544982,
        "chi2_p_value": 0.7798316244604746,
        "bimodal_score": 0.9111111111111111,
        "crisis_count": 24,
        "countries_represented": 7
      },
      "euclidean_distances": {
        "total_systems": 22,
        "distance_statistics": {
          "mean": 7.493701973531741,
          "std": 2.1561083057812223,
          "min": 1.2806248474865696,
          "max": 14.236923825040295,
          "median": 7.340980860893182
        },
        "success_distances": {
          "count": 36,
          "mean": 6.888068725696732,
          "std": 1.9058559777318924
        },
        "failure_distances": {
          "count": 78,
          "mean": 8.076950856898513,
          "std": 2.102451129677514
        },
        "t_test": {
          "statistic": -2.863503814805617,
          "p_value": 0.0050030102413638105,
          "significant": "True"
        },
        "distance_matrix": [
          [
            0.0,
            6.491532946846993,
            8.272847151978574,
            7.582875444051551,
            8.966047066572871,
            7.389857914736926,
            6.388270501473776,
            6.34744042902334,
            7.874007874011811,
            8.546344247688598,
            6.34428877022476,
            13.159027319676785,
            4.409081537009721,
            6.602272336097625,
            11.061645447219867,
            12.063996021219502,
            8.752713864853575,
            10.70233619356073,
            8.087644898238299,
            9.473647660748208,
            5.342284155677232,
            9.194563611178074
          ],
          [
            6.491532946846993,
            0.0,
            7.582875444051551,
            4.726520919238589,
            5.984145720150872,
            7.3287106642301,
            6.403905058634146,
            5.408326913195984,
            7.57231800705702,
            6.519202405202649,
            5.898304841223451,
            10.046890066085126,
            4.319722213291035,
            4.5,
            8.218272324521742,
            8.477027781009095,
            8.928045698807775,
            8.766983517721474,
            6.550572494064927,
            6.920260110718383,
            5.1478150704935,
            7.54983443527075
          ],
          [
            8.272847151978574,
            7.582875444051551,
            0.0,
            5.304714883949938,
            6.237788069500278,
            9.143850392476903,
            9.34933152690608,
            8.381527307120106,
            1.2806248474865696,
            7.14142842854285,
            8.190848551890092,
            8.63944442658207,
            6.384355879804947,
            4.769696007084728,
            6.1838499334961226,
            7.903163923391695,
            7.7207512587830465,
            7.51398695766768,
            6.388270501473776,
            9.444045743218316,
            6.284902544988268,
            6.745368781616021
          ],
          [
            7.582875444051551,
            4.726520919238589,
            5.304714883949938,
            0.0,
            1.9209372712298545,
            7.463913182774837,
            7.963039620647383,
            6.518435395092905,
            5.873670062235365,
            5.89406481131655,
            5.809475019311125,
            8.249848483457136,
            5.073460357586328,
            1.8138357147217055,
            7.159608927867499,
            7.303423854604086,
            7.53060422542574,
            6.770524351924302,
            7.246378405796926,
            6.5383484153110105,
            5.499090833947008,
            6.688796603276257
          ],
          [
            8.966047066572871,
            5.984145720150872,
            6.237788069500278,
            1.9209372712298545,
            0.0,
            7.4859869088851605,
            9.494208761134338,
            7.928429857165919,
            7.0844901016234045,
            6.2136945531623935,
            6.499230723708768,
            7.675285010994705,
            6.5383484153110105,
            3.4583232931581165,
            6.979254974565695,
            6.87386354243376,
            7.552483035399682,
            6.304760106459246,
            7.901898506055364,
            6.094259594077036,
            7.321885003194191,
            6.641535966928132
          ],
          [
            7.389857914736926,
            7.3287106642301,
            9.143850392476903,
            7.463913182774837,
            7.4859869088851605,
            0.0,
            10.931605554537724,
            9.729337079164232,
            9.60260381354974,
            5.187484939737175,
            6.128621378417825,
            9.235258523723092,
            7.175653280364095,
            7.717512552629895,
            8.466994744299774,
            8.62496376803984,
            5.0990195135927845,
            6.7,
            7.7781745930520225,
            4.675467891024383,
            9.742176348229384,
            5.139066063011839
          ],
          [
            6.388270501473776,
            6.403905058634146,
            9.34933152690608,
            7.963039620647383,
            9.494208761134338,
            10.931605554537724,
            0.0,
            1.9899748742132402,
            8.854942122905152,
            10.134594219799824,
            7.890500617831545,
            14.236923825040295,
            5.664803615307419,
            6.989992846920518,
            12.128066622508305,
            12.99961537892564,
            11.895377253370318,
            12.247040458821061,
            8.803408430829505,
            10.957189420649804,
            4.920365840057018,
            11.167363162358427
          ],
          [
            6.34744042902334,
            5.408326913195984,
            8.381527307120106,
            6.518435395092905,
            7.928429857165919,
            9.729337079164232,
            1.9899748742132402,
            0.0,
            8.092589202474077,
            8.930285549745875,
            6.99571297295708,
            12.7,
            4.920365840057018,
            5.787918451395113,
            10.994998863119541,
            11.353853971229329,
            10.893117092916976,
            11.041286156965592,
            7.73692445355388,
            9.619771307052991,
            4.924428900898052,
            9.937303457175895
          ],
          [
            7.874007874011811,
            7.57231800705702,
            1.2806248474865696,
            5.873670062235365,
            7.0844901016234045,
            9.60260381354974,
            8.854942122905152,
            8.092589202474077,
            0.0,
            7.5657121277510955,
            8.381527307120106,
            9.463614531456784,
            6.1838499334961226,
            5.078385570237849,
            6.982836100038436,
            8.679861750051092,
            8.258934555982387,
            8.32706430862642,
            6.558200972827838,
            10.087120500916008,
            5.721887800367987,
            7.398648525237565
          ],
          [
            8.546344247688598,
            6.519202405202649,
            7.14142842854285,
            5.89406481131655,
            6.2136945531623935,
            5.187484939737175,
            10.134594219799824,
            8.930285549745875,
            7.5657121277510955,
            0.0,
            5.932115979985556,
            8.368990381163071,
            6.321392251711643,
            5.852349955359813,
            6.829348431585549,
            8.164557550780078,
            5.282991576748916,
            4.319722213291035,
            6.972087205421343,
            4.036087214122113,
            8.031189202104505,
            3.8078865529319543
          ],
          [
            6.34428877022476,
            5.898304841223451,
            8.190848551890092,
            5.809475019311125,
            6.499230723708768,
            6.128621378417825,
            7.890500617831545,
            6.99571297295708,
            8.381527307120106,
            5.932115979985556,
            0.0,
            10.109896141899776,
            3.9102429592034307,
            5.851495535331118,
            9.767804256842988,
            9.766780431646858,
            7.846018098373213,
            7.340980860893182,
            8.417838202293984,
            5.431390245600108,
            6.869497798238238,
            5.8898217290508885
          ],
          [
            13.159027319676785,
            10.046890066085126,
            8.63944442658207,
            8.249848483457136,
            7.675285010994705,
            9.235258523723092,
            14.236923825040295,
            12.7,
            9.463614531456784,
            8.368990381163071,
            10.109896141899776,
            0.0,
            11.025425161870176,
            9.538867857350787,
            7.3484692283495345,
            3.5860842154082215,
            8.443340571124677,
            6.989992846920518,
            10.81156787889712,
            9.050414355155239,
            12.350708481702577,
            6.822023160324216
          ],
          [
            4.409081537009721,
            4.319722213291035,
            6.384355879804947,
            5.073460357586328,
            6.5383484153110105,
            7.175653280364095,
            5.664803615307419,
            4.920365840057018,
            6.1838499334961226,
            6.321392251711643,
            3.9102429592034307,
            11.025425161870176,
            0.0,
            4.160528812542944,
            9.293008124391154,
            9.772410142846033,
            8.688498144098322,
            8.74642784226795,
            6.155485358604957,
            7.224264668462805,
            4.057092555020159,
            6.961321713582845
          ],
          [
            6.602272336097625,
            4.5,
            4.769696007084728,
            1.8138357147217055,
            3.4583232931581165,
            7.717512552629895,
            6.989992846920518,
            5.787918451395113,
            5.078385570237849,
            5.852349955359813,
            5.851495535331118,
            9.538867857350787,
            4.160528812542944,
            0.0,
            7.3205191072764775,
            8.485870609430714,
            7.652450587883597,
            7.246378405796926,
            6.539113089708726,
            7.024243731534378,
            4.031128874149275,
            6.98212002188447
          ],
          [
            11.061645447219867,
            8.218272324521742,
            6.1838499334961226,
            7.159608927867499,
            6.979254974565695,
            8.466994744299774,
            12.128066622508305,
            10.994998863119541,
            6.982836100038436,
            6.829348431585549,
            9.767804256842988,
            7.3484692283495345,
            9.293008124391154,
            7.3205191072764775,
            0.0,
            6.975672010638115,
            6.759437846448475,
            5.537147279962851,
            6.876772498781678,
            8.006872048434394,
            9.702576977277738,
            5.669215113223347
          ],
          [
            12.063996021219502,
            8.477027781009095,
            7.903163923391695,
            7.303423854604086,
            6.87386354243376,
            8.62496376803984,
            12.99961537892564,
            11.353853971229329,
            8.679861750051092,
            8.164557550780078,
            9.766780431646858,
            3.5860842154082215,
            9.772410142846033,
            8.485870609430714,
            6.975672010638115,
            0.0,
            9.240670971309388,
            8.154753215150045,
            8.648121183239745,
            8.648121183239745,
            11.386834503056589,
            6.903622237637283
          ],
          [
            8.752713864853575,
            8.928045698807775,
            7.7207512587830465,
            7.53060422542574,
            7.552483035399682,
            5.0990195135927845,
            11.895377253370318,
            10.893117092916976,
            8.258934555982387,
            5.282991576748916,
            7.846018098373213,
            8.443340571124677,
            8.688498144098322,
            7.652450587883597,
            6.759437846448475,
            9.240670971309388,
            0.0,
            4.346262762420146,
            9.192388155425117,
            6.772001181334805,
            9.586970324351693,
            5.23545604508337
          ],
          [
            10.70233619356073,
            8.766983517721474,
            7.51398695766768,
            6.770524351924302,
            6.304760106459246,
            6.7,
            12.247040458821061,
            11.041286156965592,
            8.32706430862642,
            4.319722213291035,
            7.340980860893182,
            6.989992846920518,
            8.74642784226795,
            7.246378405796926,
            5.537147279962851,
            8.154753215150045,
            4.346262762420146,
            0.0,
            9.043782394551519,
            5.223983154643591,
            9.907572861200668,
            3.6959437225152656
          ],
          [
            8.087644898238299,
            6.550572494064927,
            6.388270501473776,
            7.246378405796926,
            7.901898506055364,
            7.7781745930520225,
            8.803408430829505,
            7.73692445355388,
            6.558200972827838,
            6.972087205421343,
            8.417838202293984,
            10.81156787889712,
            6.155485358604957,
            6.539113089708726,
            6.876772498781678,
            8.648121183239745,
            9.192388155425117,
            9.043782394551519,
            0.0,
            8.072174428244226,
            7.880989785553589,
            6.790434448545984
          ],
          [
            9.473647660748208,
            6.920260110718383,
            9.444045743218316,
            6.5383484153110105,
            6.094259594077036,
            4.675467891024383,
            10.957189420649804,
            9.619771307052991,
            10.087120500916008,
            4.036087214122113,
            5.431390245600108,
            9.050414355155239,
            7.224264668462805,
            7.024243731534378,
            8.006872048434394,
            8.648121183239745,
            6.772001181334805,
            5.223983154643591,
            8.072174428244226,
            0.0,
            9.684523736353793,
            4.6679760067935225
          ],
          [
            5.342284155677232,
            5.1478150704935,
            6.284902544988268,
            5.499090833947008,
            7.321885003194191,
            9.742176348229384,
            4.920365840057018,
            4.924428900898052,
            5.721887800367987,
            8.031189202104505,
            6.869497798238238,
            12.350708481702577,
            4.057092555020159,
            4.031128874149275,
            9.702576977277738,
            11.386834503056589,
            9.586970324351693,
            9.907572861200668,
            7.880989785553589,
            9.684523736353793,
            0.0,
            9.300537618869138
          ],
          [
            9.194563611178074,
            7.54983443527075,
            6.745368781616021,
            6.688796603276257,
            6.641535966928132,
            5.139066063011839,
            11.167363162358427,
            9.937303457175895,
            7.398648525237565,
            3.8078865529319543,
            5.8898217290508885,
            6.822023160324216,
            6.961321713582845,
            6.98212002188447,
            5.669215113223347,
            6.903622237637283,
            5.23545604508337,
            3.6959437225152656,
            6.790434448545984,
            4.6679760067935225,
            9.300537618869138,
            0.0
          ]
        ],
        "system_names": [
          "Fideicomiso Financiero",
          "Fideicomiso Inmobiliario",
          "Convertibilidad Plena",
          "Clausulas Ajuste CER",
          "Clausulas Ajuste UVA",
          "eCheq Electronico",
          "Accion Amparo Siri",
          "Amparo Constitucional",
          "Control Cambios Cepo",
          "Dolar MEP y CCL",
          "Leasing Financiero",
          "Trust Fracaso",
          "Securitizacion ON",
          "Acciones Colectivas",
          "Corralito Depositos",
          "Pesificacion Asimetrica",
          "Fintech Regulation",
          "Crypto Assets",
          "Emergencia COVID",
          "Teletrabajo Regulacion",
          "Derechos Ambientales",
          "Impuesto PAIS"
        ]
      },
      "survival_analysis": {
        "total_cases": 22,
        "overall_stats": {
          "mean_survival": 13.727272727272727,
          "std_survival": 11.123470759237051,
          "min_survival": 1.0,
          "max_survival": 37.0
        },
        "survival_by_success": {
          "mean": {
            "En_Desarrollo": 5.0,
            "Exitoso": 20.11111111111111,
            "Fracaso": 7.75,
            "Parcial": 11.428571428571429
          },
          "std": {
            "En_Desarrollo": 2.8284271247461903,
            "Exitoso": 12.594090324875042,
            "Fracaso": 5.560275772537426,
            "Parcial": 9.396047801374484
          },
          "count": {
            "En_Desarrollo": 2,
            "Exitoso": 9,
            "Fracaso": 4,
            "Parcial": 7
          }
        },
        "survival_by_type": {
          "mean": {
            "Acumulativa": 18.666666666666668,
            "Artificial": 5.857142857142857,
            "Mixta": 15.5
          },
          "std": {
            "Acumulativa": 12.165525060596439,
            "Artificial": 4.6700667885506535,
            "Mixta": 11.058933040759403
          },
          "count": {
            "Acumulativa": 9,
            "Artificial": 7,
            "Mixta": 6
          }
        },
        "survival_by_area": {
          "mean": {
            "Derecho Administrativo": 2.0,
            "Derecho Ambiental": 30.0,
            "Derecho Bancario": 1.0,
            "Derecho Bursatil": 23.0,
            "Derecho Cambiario": 9.5,
            "Derecho Civil": 6.0,
            "Derecho Comercial": 7.0,
            "Derecho Constitucional": 33.5,
            "Derecho Contractual": 11.0,
            "Derecho Financiero": 15.75,
            "Derecho Inmobiliario": 25.0,
            "Derecho Laboral": 4.0,
            "Derecho Monetario": 6.5,
            "Derecho Procesal": 15.0,
            "Derecho Tributario": 5.0
          },
          "std": {
            "Derecho Administrativo": NaN,
            "Derecho Ambiental": NaN,
            "Derecho Bancario": NaN,
            "Derecho Bursatil": NaN,
            "Derecho Cambiario": 6.363961030678928,
            "Derecho Civil": NaN,
            "Derecho Comercial": NaN,
            "Derecho Constitucional": 4.949747468305833,
            "Derecho Contractual": 4.242640687119285,
            "Derecho Financiero": 12.685293322058685,
            "Derecho Inmobiliario": NaN,
            "Derecho Laboral": NaN,
            "Derecho Monetario": 4.949747468305833,
            "Derecho Procesal": NaN,
            "Derecho Tributario": NaN
          },
          "count": {
            "Derecho Administrativo": 1,
            "Derecho Ambiental": 1,
            "Derecho Bancario": 1,
            "Derecho Bursatil": 1,
            "Derecho Cambiario": 2,
            "Derecho Civil": 1,
            "Derecho Comercial": 1,
            "Derecho Constitucional": 2,
            "Derecho Contractual": 2,
            "Derecho Financiero": 4,
            "Derecho Inmobiliario": 1,
            "Derecho Laboral": 1,
            "Derecho Monetario": 2,
            "Derecho Procesal": 1,
            "Derecho Tributario": 1
          }
        },
        "survival_percentiles": {
          "10": 3.0,
          "25": 5.0,
          "50": 9.0,
          "75": 23.75,
          "90": 29.900000000000002
        },
        "survival_mutation_correlation": {
          "correlation": 0.5752530750623643,
          "p_value": 0.005095386930524517,
          "significant": "True"
        },
        "detailed_cases": [
          {
            "case_id": "FID001",
            "name": "Fideicomiso Financiero",
            "survival_years": 29.0,
            "success": "Exitoso",
            "area": "Derecho Financiero",
            "type": "Mixta",
            "mutations": 5
          },
          {
            "case_id": "FID002",
            "name": "Fideicomiso Inmobiliario",
            "survival_years": 25.0,
            "success": "Exitoso",
            "area": "Derecho Inmobiliario",
            "type": "Acumulativa",
            "mutations": 3
          },
          {
            "case_id": "CON001",
            "name": "Convertibilidad Plena",
            "survival_years": 10.0,
            "success": "Fracaso",
            "area": "Derecho Monetario",
            "type": "Artificial",
            "mutations": 4
          },
          {
            "case_id": "ADJ001",
            "name": "Clausulas Ajuste CER",
            "survival_years": 14.0,
            "success": "Parcial",
            "area": "Derecho Contractual",
            "type": "Acumulativa",
            "mutations": 2
          },
          {
            "case_id": "ADJ002",
            "name": "Clausulas Ajuste UVA",
            "survival_years": 8.0,
            "success": "Parcial",
            "area": "Derecho Contractual",
            "type": "Acumulativa",
            "mutations": 1
          },
          {
            "case_id": "PAG001",
            "name": "eCheq Electronico",
            "survival_years": 7.0,
            "success": "Exitoso",
            "area": "Derecho Comercial",
            "type": "Mixta",
            "mutations": 2
          },
          {
            "case_id": "AMP001",
            "name": "Accion Amparo Siri",
            "survival_years": 37.0,
            "success": "Exitoso",
            "area": "Derecho Constitucional",
            "type": "Acumulativa",
            "mutations": 6
          },
          {
            "case_id": "AMP002",
            "name": "Amparo Constitucional",
            "survival_years": 30.0,
            "success": "Exitoso",
            "area": "Derecho Constitucional",
            "type": "Acumulativa",
            "mutations": 4
          },
          {
            "case_id": "CAM001",
            "name": "Control Cambios Cepo",
            "survival_years": 14.0,
            "success": "Fracaso",
            "area": "Derecho Cambiario",
            "type": "Artificial",
            "mutations": 8
          },
          {
            "case_id": "CAM002",
            "name": "Dolar MEP y CCL",
            "survival_years": 5.0,
            "success": "Parcial",
            "area": "Derecho Cambiario",
            "type": "Acumulativa",
            "mutations": 3
          },
          {
            "case_id": "LEA001",
            "name": "Leasing Financiero",
            "survival_years": 24.0,
            "success": "Exitoso",
            "area": "Derecho Financiero",
            "type": "Mixta",
            "mutations": 2
          },
          {
            "case_id": "TRU001",
            "name": "Trust Fracaso",
            "survival_years": 6.0,
            "success": "Fracaso",
            "area": "Derecho Civil",
            "type": "Artificial",
            "mutations": 0
          },
          {
            "case_id": "SEC001",
            "name": "Securitizacion ON",
            "survival_years": 23.0,
            "success": "Exitoso",
            "area": "Derecho Bursatil",
            "type": "Mixta",
            "mutations": 4
          },
          {
            "case_id": "CLA001",
            "name": "Acciones Colectivas",
            "survival_years": 15.0,
            "success": "Parcial",
            "area": "Derecho Procesal",
            "type": "Acumulativa",
            "mutations": 3
          },
          {
            "case_id": "COR001",
            "name": "Corralito Depositos",
            "survival_years": 1.0,
            "success": "Fracaso",
            "area": "Derecho Bancario",
            "type": "Artificial",
            "mutations": 2
          },
          {
            "case_id": "PES001",
            "name": "Pesificacion Asimetrica",
            "survival_years": 3.0,
            "success": "Parcial",
            "area": "Derecho Monetario",
            "type": "Artificial",
            "mutations": 1
          },
          {
            "case_id": "FIN001",
            "name": "Fintech Regulation",
            "survival_years": 7.0,
            "success": "En_Desarrollo",
            "area": "Derecho Financiero",
            "type": "Mixta",
            "mutations": 2
          },
          {
            "case_id": "CRY001",
            "name": "Crypto Assets",
            "survival_years": 3.0,
            "success": "En_Desarrollo",
            "area": "Derecho Financiero",
            "type": "Mixta",
            "mutations": 1
          },
          {
            "case_id": "COV001",
            "name": "Emergencia COVID",
            "survival_years": 2.0,
            "success": "Exitoso",
            "area": "Derecho Administrativo",
            "type": "Artificial",
            "mutations": 5
          },
          {
            "case_id": "TEL001",
            "name": "Teletrabajo Regulacion",
            "survival_years": 4.0,
            "success": "Exitoso",
            "area": "Derecho Laboral",
            "type": "Acumulativa",
            "mutations": 1
          },
          {
            "case_id": "ENV001",
            "name": "Derechos Ambientales",
            "survival_years": 30.0,
            "success": "Parcial",
            "area": "Derecho Ambiental",
            "type": "Acumulativa",
            "mutations": 6
          },
          {
            "case_id": "IMP001",
            "name": "Impuesto PAIS",
            "survival_years": 5.0,
            "success": "Parcial",
            "area": "Derecho Tributario",
            "type": "Artificial",
            "mutations": 2
          }
        ]
      }
    },
    "overall_empirical_score": 0.7527777777777778,
    "individual_scores": [
      0.6000000000000001,
      0.9111111111111111,
      0.8,
      0.7
    ],
    "consistency_analysis": {
      "success_patterns_correlation": {
        "evolution_success_rate": 0.4090909090909091,
        "transplant_high_success_rate": 0.4,
        "difference": 0.009090909090909094
      },
      "temporal_consistency": {
        "crisis_years": 17,
        "evolution_years": 15,
        "overlap_years": 7,
        "overlap_percentage": 0.4666666666666667
      }
    },
    "total_empirical_records": 106,
    "validation_summary": {
      "power_law_confirmed": "True",
      "bimodal_pattern_confirmed": "True",
      "distance_patterns_significant": "True",
      "survival_patterns_significant": "True"
    }
  },
  "academic_paper": "iusmorfos_comprehensive_empirical_paper_20250921_215440.md"
}